-36..

dividuum 11111 6611161· Vorstessung 161 Sflndenvergebung
irgendwo 66 1611Ι Vorgang 161 16 611111661611 Heilsaneig-
nung anknfipfen. 1116116 1166161161, 616 161166 66166611
661661611611161] 1616616666161166 11616661 166 16111611
Η611661116116 6611611611, 111 16111 166 Η611 161111616111111,
Der Anlmfipfimgspunkh 161 166 111611661161, 611 6161
611] ganz zuffiffiger 1111161661, 116 11166161 1161116161-
1611611. 116 1111111166 11111 116 rationale 16111661 ganz,
6161611161 16 166 Vordergrund: Uberwindung 161 61116661]
11611611 16161 ,1111111616 (1616611161611, Erlfisung 6611, 11611-
dem 1116161 11166161, 166 relig-ias gebundene 11111111116111
116116 6161 116 161166161611618) (166 Symbols 1611 161 86616
616116616611, 1. h. 66 116166 166161166 661116 666616611616
86116 66. Dies 161 661 16661616 1161116, 616 1161111616,
116 616 Η6116661611 1111 1116 (1111111666 11161Ζ66116111111161
16 16111666 16161111, 116 61616111616 1161166161666 1611
11111 1161 1161661666 616 11666661616111161166 666111661611,
Η161 161 116 11666666161111616 Β61166116116 aber 616116-
61611· 16 61161611, 1116 donn 611611616616161161661666116111
161 11161661661166166 1116616616 16 6661 ihren 116666661611-
1161611 Neigungen 166 1611111616 161 6161 1166611 1611ι
1161661661116111111666 161 6111116161] Gnade 161 6111661611
111666611166166 116166 1111116116 61116616 616 1116166166161611
6616166166 worden 161. 1611661 6166, 1116 11111 66161666
11111, gerade (116 1661661 161, 166 8111111161-11116616611616
111161 116116661161611166 16 1161116166. Das 1611616616,
116 6611111616 1161611666 166 symbolischen Vorgangs 161
6661 1611116161 61611 6111616 161111 6161166161611116161116-
16616616111616116611611, 166 jeder 66166111616166116611
611616611 6111161] dem wir 111611 166161661611ς ja 66 16111116
66161 1611611666] (166161166661116 66161616 616 6666611161
6166166166 161166, 6161 161 161 161161166166 1666166666
111 1161611666, 1161111611 116111 116 1666166666 661 616
1161116111 616116116616111161116611666, 616 1661166661 geisfiigen

²⁸] Wenn 1166161 das Zusammenfassen von Bild und Bedeubung
der 1111161611 161166166111166 1116616616 1666116111, 66 161 166 11111
ein Κ66616116166, 161116 16616616 Renhbfertigung.

 

